234
524
463
797
542
552
756
113
138
537
682
130
389
659
423
243
292
334
937
630
52
239
741
833
695
162
558
834
316
313
133
992
325
801
464
443
356
88
10
7
34
290
752
213
342
45
964
335
195
43
165
287
732
822
896
620
44
872
36
631
300
296
364
714
579
611
85
131
895
677
729
118
267
704
957
323
830
148
975
759
408
280
657
347
800
672
618
880
779
754
117
348
169
902
123
683
696
807
555
739
222
929
959
548
519
140
521
187
299
393
904
142
577
587
406
969
826
17
925
699
149
817
614
110
893
514
362
730
885
903
460
634
993
377
402
870
766
926
712
736
934
867
810
5
765
51
781
727
383
403
477
63
283
452
804
748
676
505
129
336
849
319
418
642
837
687
107
562
108
773
447
571
264
887
197
73
397
500
588
495
488
533
751
861
539
58
646
159
994
615
106
743
414
72
688
92
602
873
86
35
758
803
878
761
64
671
261
160
156
329
57
74
76
223
967
24
617
105
869
311
851
426
170
233
637
809
373
835
276
121
146
483
578
547
143
321
556
360
651
545
216
429
772
909
386
307
221
405
401
780
648
154
395
199
598
529
394
939
918
246
136
606
597
79
710
857
134
78
236
309
892
430
286
173
824
890
914
32
689
363
678
462
874
293
855
627
805
371
472
425
458
244
116
858
658
442
491
702
432
935
610
185
821
374
685
475
259
494
18
421
208
468
153
302
897
796
946
192
640
681
398
609
128
628
41
574
437
238
915
352
923
836
435
828
476
126
713
510
580
605
252
644
326
546
301
944
560
451
382
769
950
544
962
436
66
242
304
853
608
268
312
697
248
947
921
573
814
613
481
220
271
308
655
693
931
974
433
733
410
723
541
794
345
358
531
132
453
953
508
71
875
459
54
679
94
612
563
456
933
231
956
656
119
368
963
288
9
318
145
333
137
167
596
407
480
330
172
581
338
47
31
455
174
540
384
522
654
14
390
322
722
603
282
217
230
991
795
673
273
586
717
535
891
561
945
466
724
489
763
245
600
534
370
847
616
816
982
502
788
930
512
716
378
917
709
19
623
30
68
829
209
50
778
735
619
265
592
660
96
924
303
844
179
879
995
782
1000
281
127
719
840
48
977
8
103
507
115
501
884
569
888
601
351
62
783
692
920
784
553
871
815
471
952
604
740
102
346
639
16
652
745
204
353
178
171
906
120
860
523
590
550
498
80
543
799
625
913
467
970
862
205
359
247
877
291
976
201
55
650
951
409
4
762
135
112
725
385
186
517
77
474
275
150
314
366
381
188
163
23
737
987
306
664
525
125
349
894
750
484
431
528
422
663
22
635
686
194
427
237
819
144
387
790
215
965
554
109
93
6
310
633
441
219
859
492
434
674
927
180
285
193
413
856
568
582
825
684
75
450
708
889
465
227
787
479
176
653
985
866
357
232
948
412
883
557
53
331
38
899
518
978
641
139
37
905
770
551
668
842
532
511
297
961
424
760
527
998
575
973
59
666
585
202
15
485
486
520
499
190
84
99
203
667
731
89
564
241
3
767
391
549
284
228
91
457
404
850
262
738
793
911
567
95
369
636
776
256
624
83
775
226
191
12
416
164
26
980
638
854
42
846
984
251
257
701
497
449
818
753
161
908
255
565
249
182
771
400
811
183
901
584
938
928
559
295
530
218
181
954
662
196
792
372
168
440
768
694
703
506
27
538
122
999
343
986
399
104
269
155
876
114
270
643
367
428
626
536
235
294
101
258
60
320
157
13
806
438
848
916
700
955
20
274
396
415
210
813
940
670
570
583
482
786
820
979
503
324
147
81
989
375
971
504
200
515
734
747
65
11
461
744
487
785
966
863
315
1
572
593
711
808
912
777
444
661
417
33
690
376
599
214
852
942
166
469
645
715
2
211
263
305
21
298
990
439
900
141
932
49
341
839
46
380
706
823
726
831
40
98
97
212
516
278
972
56
250
111
868
757
340
755
749
838
70
649
968
981
419
69
151
90
344
791
943
445
941
240
513
473
175
621
728
746
392
812
718
576
882
446
907
607
184
774
509
881
526
253
493
691
87
279
845
622
707
680
721
802
454
355
864
67
420
919
764
158
272
198
328
832
28
632
983
589
996
742
827
936
206
124
922
39
669
595
789
266
100
675
354
958
177
260
388
798
647
594
720
411
698
82
496
339
25
327
898
361
207
189
365
997
470
289
350
629
960
152
277
910
229
665
591
448
490
865
29
705
886
843
317
61
224
949
332
478
988
337
254
841
566
379
225
