669
2362
3046
4098
4722
1590
2247
2917
2780
4734
4922
2593
1222
670
834
1982
3728
4150
3161
3943
2710
2073
2255
1427
3743
4796
1009
3746
244
3072
3478
4565
1072
350
1515
4338
2218
3305
4044
4355
272
3160
4772
236
3562
796
4402
140
4762
1621
4082
2822
1584
634
3397
3605
2014
1075
2924
4271
3068
744
4542
4879
1946
4343
899
4446
8
2387
2601
2431
3364
655
3514
690
1487
3101
3060
4204
1773
3471
747
2479
2450
2010
2674
1205
3804
928
1783
3810
4986
1859
2486
4508
4155
1524
1855
393
3233
956
4704
4519
784
2677
3482
3637
695
653
836
3312
1447
250
973
881
1449
2059
702
3704
1203
148
4779
3197
3867
696
3393
657
3159
1531
485
2295
4904
4996
4756
4874
3870
3914
1310
1433
1285
971
2603
900
3632
4707
4583
1446
4851
2457
1050
2872
2148
1070
3212
451
2217
2288
2654
2349
4775
2088
1293
1893
1362
2444
4352
2539
4453
4941
4026
4747
3586
2527
804
1053
939
3560
2123
2764
1645
974
864
500
2866
3401
568
944
1536
4411
1971
4186
4073
597
3472
1007
1146
4492
4654
1003
3299
1498
3601
2752
1816
814
567
3511
4742
4017
4463
477
72
2664
333
2946
3440
1553
459
1556
2709
3033
3215
4089
773
2226
4568
688
100
1422
569
1937
4319
2131
878
3549
1546
4577
198
3496
4180
4158
24
3644
581
2695
321
125
4950
1321
2294
4027
1114
403
1411
4768
3422
1877
4821
3492
4617
271
3796
896
1591
1266
1100
4479
3961
578
4682
3713
53
4949
408
436
3508
2404
604
3106
1507
1059
4867
3403
2986
4263
197
4962
2132
4390
3172
521
873
4872
766
3636
4356
319
23
541
4071
2467
4085
1787
2461
3763
2595
3468
4476
2970
4136
1477
4194
3423
4212
1658
1683
2439
2286
1267
2920
1942
4115
2129
772
4196
1021
3334
988
4870
4567
4109
474
3954
4576
1733
4603
2984
1910
3504
2318
1704
3791
87
1356
4918
753
1403
1127
4339
4493
1412
3183
637
252
4935
4727
2357
1901
1589
1342
2101
486
2876
2069
2268
142
4377
4633
629
701
4795
1385
3583
1508
4521
3988
342
3407
2322
1440
4389
4974
4854
241
1470
2338
2386
2993
2175
3011
2291
3304
4516
2057
1466
4944
2415
2230
767
1539
4179
2510
3228
3308
586
984
2699
925
557
750
922
592
396
1755
1149
1648
1379
4540
2147
209
2910
4095
4393
1878
4836
1407
2896
3131
800
3760
2565
4083
919
1363
2102
195
4912
3538
297
2117
3336
963
2438
3687
2242
3133
1694
1281
4845
3317
3182
2550
2502
372
1333
4371
551
1774
3906
2144
2224
4662
2985
3779
3122
1186
13
3260
2192
3934
1926
1457
4564
2810
40
4484
737
1483
1036
2870
2961
4792
1863
1748
339
3785
1720
4375
3766
4828
1798
266
3864
2590
4591
736
1962
3742
365
3613
594
4723
109
1140
2310
420
2459
3410
128
2028
4972
4299
2735
1434
1028
2055
4187
450
4282
496
2825
3603
4773
1586
1215
4719
2680
4287
4841
3351
1101
3006
3784
2763
3569
2578
1066
1922
1045
1956
675
2211
4250
4553
600
1014
4616
1888
2531
3693
2720
856
3464
495
4764
2554
111
2154
1622
3210
4620
706
3448
4718
1484
3118
4847
1287
3435
1210
4080
676
4034
523
4862
4509
911
2865
4669
4933
4994
1885
1917
1664
4360
4084
1854
3694
2835
1795
560
2214
366
1578
3026
3581
3595
1378
331
1569
2425
4297
2757
2077
4367
4947
3443
4341
579
1298
1970
4474
2285
2032
2666
4687
853
4528
1272
4351
2098
3991
640
2577
1234
4924
918
1791
3558
1458
2490
4570
2276
907
3320
1844
162
3277
33
2191
2676
4216
659
4816
2392
615
2705
3380
4315
229
3849
2992
4207
460
212
3901
376
1964
2614
353
68
1366
4737
1025
4651
3155
4380
2728
4237
3782
764
1502
1456
1679
535
680
844
2397
2652
3525
247
4788
4490
2082
3298
4598
3318
2625
2823
275
518
1124
2718
2536
3245
2973
2418
3797
1758
411
4939
4929
1191
4999
3757
1387
768
3129
932
1811
2083
3578
3297
431
1841
3996
620
2916
3461
4373
2736
2809
3076
4909
440
3986
2722
2711
3714
2537
2243
110
260
309
2755
2543
2096
2453
2998
4104
354
1443
790
4892
326
3874
2767
2025
3438
3921
996
1091
1577
503
3772
729
3587
4611
4592
4011
1123
1469
588
2555
867
4938
2187
3495
405
3789
3708
605
3273
359
3979
865
4859
2636
2257
2795
2941
1086
906
4923
1611
2435
4105
797
2516
337
4696
116
3618
3676
536
1544
3340
513
2265
4331
4725
3563
1754
2498
2066
2222
4699
2237
2465
4652
628
4379
3271
4459
4983
1735
4559
2112
2215
2351
933
2314
276
2094
1631
2021
2843
4192
1510
3802
3574
4579
50
2348
2889
1998
1044
2818
4451
1141
1485
905
4966
2549
823
4622
1763
4908
3028
4826
1676
1144
1211
1858
1290
4151
2885
4877
3221
3959
3738
1116
1931
4703
2926
3848
314
1897
194
4416
2669
2067
2793
4201
1311
4517
3059
402
3013
4332
2122
3031
1084
1340
3153
2675
2200
4277
913
961
595
1713
1334
4670
683
4656
1529
3227
958
3087
1359
66
599
529
2363
3000
2426
2576
1609
2063
806
2671
4051
3244
550
1509
4920
4465
4705
4419
549
2413
3232
2806
4097
237
3093
231
2347
2311
4185
4183
4887
2981
4376
3871
4137
3720
1856
3039
4672
2361
2567
3769
1771
4736
1542
91
4009
313
3829
2352
1955
4107
2617
4804
2904
1709
126
245
849
2296
120
254
4165
58
2181
1444
2278
649
103
2120
2958
1789
648
1375
2791
3447
664
4164
1495
3296
4168
1286
993
3701
1831
4689
781
2400
909
1383
1995
2721
1597
1966
1839
1118
2223
3347
2797
3238
157
2817
3798
2761
4934
1780
987
2770
1834
821
2937
2591
1351
4494
1967
1640
1109
4337
835
3339
1647
3596
771
2864
1708
2495
1943
4024
2616
1649
4830
3300
3897
1655
1353
3125
1189
2845
903
555
1547
2656
3916
4720
572
3582
2451
2353
4514
1641
3559
1289
473
526
3753
826
1682
4761
4637
3805
3507
3412
1337
1392
1233
2
4848
4595
2093
1225
2592
2281
3868
206
4251
4060
788
802
184
3001
343
4483
3109
2259
1182
2157
2017
2668
2494
794
4365
1961
4717
4167
2840
3331
432
1369
726
3136
3064
3668
4488
400
4160
3931
317
815
5
520
334
300
1686
2007
542
3476
1884
4645
456
4119
3280
1415
3924
3872
419
1134
4850
4767
718
4440
590
1746
494
1680
779
4884
966
2849
113
2933
3576
267
3263
4700
2661
2820
656
2464
1420
1064
3535
1432
2982
3152
2408
2691
481
4023
3808
2345
4980
2905
3454
1923
2568
789
3888
1904
3288
3962
622
4326
2205
1921
3188
2124
2107
894
3909
4529
177
28
4544
4038
4989
4677
2081
3787
2716
1406
3462
1959
537
4664
4754
501
2826
288
1027
3734
2839
1541
910
4522
3429
502
4794
357
1887
3947
2538
327
2745
2246
2681
761
1103
4800
3044
3678
2416
3436
621
1317
679
647
399
4915
1436
4605
4695
3645
3751
983
2848
3018
3822
3717
1245
1441
3269
4272
3501
1675
381
269
3831
2832
1488
2670
3406
2305
4642
90
3904
1330
4294
3853
79
1132
507
2452
3294
1010
3838
2963
3887
2004
4122
1110
607
78
1823
2612
2580
4739
1153
3091
54
4981
340
3012
3052
3479
2731
139
2140
4943
1832
3262
1426
4414
2991
1873
1638
752
2557
3255
1445
4041
4964
1089
60
4882
614
4262
3833
1061
727
1880
3341
3902
587
3338
226
3727
2886
3119
2566
401
1343
4710
1848
2908
3813
4478
3942
1750
1305
1711
2472
843
2974
515
2713
1055
4945
4515
1129
2475
3322
1376
4574
848
59
1184
546
3680
114
1598
4784
258
1721
957
4905
4807
3418
2253
134
2776
3099
149
3357
3220
4313
11
3989
3529
2624
2888
1516
527
1525
4435
1624
4955
248
421
1719
4427
4404
522
2586
2544
2197
1329
2084
2723
1294
3688
1038
4640
818
1691
4312
3883
3905
883
2301
950
2919
2902
1911
4846
1993
3913
2692
4175
1105
583
3604
4771
3532
3686
1819
887
1632
2208
4211
2659
1227
4037
4489
4066
4639
1928
3677
4225
3801
4248
1336
3530
3735
2892
892
2336
2330
4560
2521
2443
1913
3844
3303
1718
1365
4518
4471
4701
4
570
3266
999
4806
3200
3774
1532
3143
4174
4140
871
793
214
4370
1898
923
610
1083
4246
4012
3431
1204
2292
3653
1126
1799
1941
4048
1912
3032
1981
2118
2135
2471
3253
4628
704
439
2462
2609
3590
2789
4511
1364
4793
4660
641
927
1618
173
3608
3469
1908
3315
1696
3256
1924
2106
2819
3314
4681
4267
4284
170
3104
1193
977
4738
3572
3922
1580
633
2798
141
2283
968
3174
487
2340
1620
4232
1165
2074
1703
1781
4482
3128
1692
1453
4240
4533
1984
2693
4562
1512
2647
1978
2873
3325
1490
3036
964
4291
2707
2434
2881
1122
4362
4280
1275
352
1851
1152
2890
1522
762
2509
651
1896
356
1450
791
4456
4306
1734
1607
986
4735
1616
3267
1430
4573
4990
4053
63
3007
175
3362
3349
4434
1119
4973
514
2887
3149
4876
4744
995
2373
1202
2627
1818
207
2282
4984
2427
2429
3610
4236
1712
953
1017
4010
2898
3633
155
3520
3968
2615
67
3584
1431
1687
2343
2266
2089
3134
4571
3488
4470
4856
4525
2410
770
4817
4266
3204
4554
2701
1988
2762
650
3230
3671
4648
282
3202
1199
3599
73
2176
3612
2564
2746
370
4276
4226
2163
4506
4412
2346
1481
2374
4886
130
135
4545
2698
4386
4172
1716
3606
2335
2423
1341
1975
2097
1987
4358
3272
4609
1753
491
824
1195
3455
1561
945
730
654
4608
3424
2198
2484
672
850
2095
948
1221
84
3812
1710
404
3950
4552
1715
3759
2623
74
338
4715
556
4181
1282
2076
3494
574
1890
3425
2160
4363
2629
2980
2250
1497
3445
3167
4512
2945
303
4101
2193
283
4466
2070
4190
437
4702
4712
4273
65
3980
755
1944
3428
1374
280
228
2449
1945
3148
3841
2206
4547
285
3416
71
1476
3078
3536
1032
1308
4112
857
722
898
3473
3737
3225
1594
262
3731
2884
1194
3927
3522
1142
167
1555
3193
4436
2399
4019
4693
1568
1197
1808
1043
3707
2999
2553
1391
882
3187
4869
251
263
2622
4971
4694
2280
1672
1822
3825
1983
30
2583
4441
3054
2293
4087
1602
2183
869
2918
3834
2955
93
1338
1930
1078
2824
3944
1751
2749
611
4210
3270
2170
828
2368
3237
3376
2174
2038
4668
691
154
4653
3899
4258
2906
4749
385
3647
1793
1667
2690
3726
4396
4349
2048
4868
2370
2801
1258
2977
602
2091
1373
4697
743
1891
88
4731
3697
3526
2932
3585
3547
3846
364
2499
3058
4006
3002
4234
2325
4844
2687
1276
3449
1788
369
2796
4563
2460
3102
3490
224
3667
2951
3885
3257
2150
3679
1257
3398
2611
2240
2202
3900
2216
4292
4002
2290
4384
449
1280
3593
1169
3289
3342
2968
1565
325
646
1809
483
2542
3005
489
4161
931
1117
3533
1906
3999
2300
4791
41
1357
505
748
3630
4133
117
4891
1743
935
1677
2831
1421
1104
4809
2960
4425
3935
2530
159
107
4965
2139
386
1932
4931
4346
3700
2360
3706
3386
660
395
4423
3542
1097
1572
4902
3836
25
3224
4746
4382
4888
3378
4293
1259
1765
2964
1533
3773
3348
2126
3139
4469
1623
3164
3010
2777
3928
4569
713
1852
543
1642
1235
2087
967
96
2463
3602
1526
1994
4001
1806
2854
1874
3226
699
472
1062
1968
133
4690
1039
3952
833
1494
976
129
2641
1979
3250
3343
735
3110
4177
1060
1270
1425
3691
1604
4615
4330
4031
2706
512
4178
4029
2512
3619
1482
4685
1570
4487
2052
4873
1963
4120
3080
1519
4220
2437
230
2765
4125
4229
4279
4523
4979
4410
4233
377
3937
4799
4866
2178
4321
811
3970
284
4901
4534
296
4217
3457
2273
3291
1239
1756
2947
320
4318
1262
476
3029
2478
2811
3485
3430
1554
2788
4716
4426
3660
4987
858
2312
2883
2928
4539
75
2225
3580
3847
1857
287
807
644
4676
624
3571
4636
1870
1835
3659
2665
4081
2060
636
44
136
1040
593
2702
3458
2344
18
3246
3209
4993
1167
123
4829
397
2100
3156
1147
83
799
4333
3875
415
169
3021
479
2099
417
2814
233
3077
89
1284
4103
4853
4003
1503
830
4612
2041
4247
2228
312
3070
3718
4665
1057
1914
3285
290
2298
2327
4166
4013
2630
709
4895
4881
3588
3352
1058
4543
1138
4057
2394
4117
2171
3045
3053
4798
4907
4671
4644
2815
2563
227
3437
4257
2005
3747
3258
530
1390
4858
4417
816
3994
4818
2837
92
210
616
4936
2607
3293
2859
4495
820
433
2660
324
3503
3635
3933
4833
1236
2119
2264
3240
959
938
3049
1925
1324
3169
989
1408
2403
2065
3310
4283
1491
1106
3851
2342
1812
4388
179
2535
199
3877
4532
1192
4139
3474
222
576
3176
2911
4413
448
3196
1706
4309
3565
3075
1742
741
2726
38
1899
3778
533
1707
277
2251
2078
1131
3539
3020
2929
3614
143
2328
4116
2812
559
4740
3181
77
638
4730
183
671
308
3771
4890
1528
3198
106
3047
2838
875
47
3863
3231
2975
3426
2927
42
936
4958
3741
1148
378
4624
1087
2700
1792
4022
1424
3040
3142
3162
3940
4535
2456
1827
2110
3515
2458
3591
1107
3313
234
458
4021
166
4581
1000
2364
1957
3827
3828
1419
3050
3873
2598
4824
3684
1670
1845
1240
2043
1145
962
3442
2376
2938
3115
4156
3795
3826
3721
2433
498
2195
2468
1454
1605
4889
4142
2019
4849
2901
1511
1108
1190
4855
509
2682
2277
4587
3105
3499
435
3948
3859
3621
4454
785
2365
3434
2558
3776
3108
3368
1377
832
3615
745
700
1013
4692
332
4728
4932
388
3409
2808
3038
1727
3124
2269
831
1232
2203
4055
62
1241
619
1306
4503
3876
3295
1654
3992
4486
4625
3505
1849
413
2967
2204
1428
4243
868
2080
94
2384
427
4627
3088
2493
4673
4657
934
2653
531
1919
2114
4324
3616
3692
4274
596
3151
1668
1026
2396
860
2090
3427
4344
4042
2573
4135
758
2105
2830
3483
3355
2608
43
2618
2635
880
3971
3809
39
3955
2852
3375
2086
1517
1208
3627
580
997
3175
1882
1702
1448
2448
3157
4461
3770
1757
3165
19
2875
1850
1315
2503
430
3265
708
1506
4659
1183
4861
2540
692
2442
838
4946
1018
591
351
1760
2990
1277
2390
2751
4354
2517
4035
2766
4860
2391
4214
2306
4610
2570
4128
3284
978
3982
45
2649
37
2662
99
4275
2354
2594
2481
1041
1889
1300
4541
1155
2382
3516
3865
1159
4596
2799
2445
1244
1250
678
2128
3286
3800
478
2950
1200
2201
138
4144
4524
1562
2236
4805
2634
754
585
684
2524
965
2944
383
998
4124
3958
2488
4607
2861
642
3939
1726
3705
4766
1401
1853
407
1409
3998
2575
1671
837
2275
2297
1588
4329
3518
2874
1499
145
1226
2606
3278
4323
2369
2546
4550
3589
2640
1187
1661
1902
3477
1332
765
193
852
124
279
2272
1518
3792
558
3170
1826
35
2778
627
3073
4130
295
1178
1297
466
2518
3786
2287
2249
4590
4460
3451
3725
3777
4170
2667
2182
682
1228
1999
4505
3388
4443
1162
2274
3400
897
4977
4126
1196
1188
1223
1738
1161
4320
488
3541
1073
4303
1663
76
1571
2862
3768
2497
1328
1614
1674
2142
2428
2833
1213
3710
3912
1610
4556
1777
462
390
4113
1023
1965
3845
4134
4706
424
1158
1004
4209
4431
3239
4927
1402
3466
733
1612
2534
3345
2134
3649
4925
1659
3564
304
3394
3223
465
4304
3907
2786
1892
571
4500
4295
1354
1875
4897
1732
2719
2162
2976
2696
1991
471
955
1603
4281
4445
1701
4732
1238
152
2355
3960
499
4242
4714
3964
363
601
1615
3030
2422
734
2109
1836
1740
1335
1163
1130
3335
2632
2957
4127
775
746
1012
2880
4613
2931
786
3274
985
4864
330
4255
3405
3762
3114
1034
2754
723
1846
218
4781
728
2548
524
1552
1248
2133
1869
539
2686
4254
4334
2971
668
85
4549
508
3839
2141
2289
2556
2829
2061
2813
3359
2256
1231
3079
3817
328
1160
1001
2545
178
3824
3654
1815
4527
1837
4391
2008
1135
468
1301
4245
2270
1872
3761
4096
3113
942
2588
410
3236
2855
1847
2317
2500
307
1368
3283
661
484
1920
1772
2480
4893
4464
877
2599
4948
3978
2853
1269
391
22
2935
1246
4231
819
2893
4647
4913
406
1986
631
2383
1439
689
1295
2031
4960
3646
994
4397
3439
2846
3689
1461
3669
2332
4686
2519
2572
3990
1175
1307
4937
4239
3048
3367
1327
1410
4061
3229
4507
951
662
4555
2152
724
1985
582
1666
2506
2646
3467
306
4059
2604
4191
603
663
4765
213
4350
829
70
2704
3309
2869
2619
1876
3639
4405
32
3252
4069
760
2856
4473
2802
2209
3546
1303
274
4786
4593
242
4020
4683
693
4094
4429
4252
200
2605
105
3723
1762
1513
144
2743
4808
2356
4658
3086
1785
2172
1786
2018
2039
2315
2907
2569
3756
4047
1414
3095
2398
3411
2983
4774
4121
1861
4838
1593
2794
1996
4899
1302
1350
3460
4898
1121
2643
2051
970
4537
3163
2207
1355
4930
1068
2989
1838
1384
613
885
347
4778
379
1521
4643
3561
4361
2783
3711
493
3672
371
3420
3739
3042
2717
2871
4314
685
1866
3413
1438
4091
3071
2775
16
2507
2934
101
4557
3327
1545
2244
902
2858
2309
240
2233
3311
1253
2966
3276
3195
3452
3399
4619
2432
2241
4467
4513
2121
4146
1164
861
3065
2684
1894
4760
525
4447
10
3329
666
4626
2997
1879
715
2891
1133
1008
504
1698
3570
443
1652
3066
3324
4202
4403
3949
3484
2331
34
368
2389
4401
1030
4810
3307
3140
4992
17
2610
2320
703
2867
3491
3481
4235
219
3184
1779
1660
335
3984
2712
4954
4780
4708
2127
1770
4496
677
3207
292
3917
4221
4770
3084
1868
787
2782
2724
414
3799
776
2685
2252
617
2552
447
3024
1643
801
665
1346
4520
4857
2143
2164
914
4420
1218
2909
4606
2421
1639
2533
740
4839
2034
4218
2071
4903
186
398
286
446
2046
2505
2210
187
3268
1700
4526
3057
4206
2525
3866
3081
4100
4270
2219
1903
3850
3509
839
4106
2393
855
1596
4224
674
1418
2805
1741
1980
3346
3854
3137
3003
1255
3554
3550
3009
1684
510
3377
1752
4863
1292
4614
1500
3414
3132
3019
3135
1705
3557
168
2263
1625
3880
3936
2650
146
4070
1224
239
2637
3641
3656
3016
51
2000
4803
751
3051
3465
1549
1695
4147
2995
3732
2994
3567
2620
2036
3981
3655
3975
3282
4835
756
2054
3415
4713
3391
2284
2092
4536
4336
866
3528
3852
4684
1559
3523
4424
2949
686
3926
2009
2056
4310
1617
3957
4823
3624
255
4510
2185
3643
2072
3144
1587
261
341
14
2897
3395
1560
3145
777
4092
4077
4036
3366
901
150
3666
1090
4572
4675
475
4917
2948
2307
4631
3147
355
3835
517
540
243
1871
1455
1550
1688
4635
1247
172
3675
1653
3254
1396
2847
1170
2581
639
3658
2589
3261
1657
738
4039
36
121
27
1388
3995
4748
2694
2922
4442
1360
4726
3402
1745
3537
4300
2167
2313
4253
4200
4991
930
635
108
1177
4108
1909
2943
2596
3098
1082
4381
3556
4153
3027
1352
1540
863
1283
4014
1724
563
3657
2485
876
469
972
1472
908
798
3670
742
705
954
870
2299
4366
161
3392
1216
3740
302
4030
4802
3661
249
4348
4353
382
174
202
3592
3951
57
1423
329
2329
1096
4801
3061
3463
389
2473
278
2116
298
2375
2860
409
1065
4063
803
191
3821
2868
1650
3938
1345
1813
4261
1206
1056
4195
1775
2807
1462
4311
2334
1974
3965
3370
4067
4982
211
4588
2816
3201
1092
2474
3043
792
4896
992
3444
3521
2466
2900
1005
845
3177
4131
4769
268
969
3966
1504
2915
2584
497
4885
606
912
1404
3837
3302
4054
4145
4531
609
4086
2727
1168
132
2324
874
1143
1685
2405
3206
1098
1137
1599
4102
2053
4813
1947
2936
4328
3856
4015
2279
4033
4016
3925
4045
3919
2547
4129
1024
2469
2771
4594
3158
52
3895
739
4953
3432
1268
2972
2441
4249
2529
1830
4618
1157
455
841
4820
95
7
4289
3354
4916
4865
322
1972
2689
4394
2258
2850
2058
2326
2748
1313
1895
3534
3004
2828
2401
4468
3617
1358
2834
4259
2522
1800
711
1557
156
1579
4189
3793
1527
3216
2248
3575
3910
1804
2740
1860
532
434
1474
1442
3251
2371
3892
4286
1938
3685
2894
4223
1382
4814
4199
55
694
3945
2011
3622
2002
2541
4967
1843
4646
1464
3487
1465
1567
3862
4088
4911
1990
1251
1644
3842
4383
553
2602
2239
1473
1814
1629
2149
1678
1322
3814
2562
2913
2800
454
3579
429
3384
1207
681
1954
4448
1916
46
4008
3217
1171
4374
3150
1778
1862
4502
1595
712
3247
4301
697
4812
235
2785
4345
4688
4076
2645
158
3287
1656
2804
1936
3840
1905
2366
2842
185
3328
2232
904
4729
3337
2068
3301
2190
4815
4497
3696
1601
577
2600
946
490
4298
2954
3116
4566
4457
1953
3089
2042
3665
3319
2430
2683
4075
4604
1951
2196
3878
4418
1865
827
4068
4575
1480
2657
4997
3551
612
544
3323
2750
4193
4721
2062
1320
4050
4173
1468
2417
4018
565
2212
2921
4368
3203
412
1635
4782
4819
667
4475
658
625
1451
3154
2003
1563
5000
980
3130
3017
575
2561
1463
265
3179
4244
1399
1254
3993
362
81
1534
4942
1237
4308
1737
3983
3082
1326
264
2688
632
1689
26
4952
3973
3374
1520
4711
2779
3433
4709
4649
1128
1665
3085
3456
2016
3724
2381
4450
812
4422
573
2271
584
4753
1273
3754
1217
349
2302
1627
3729
2501
464
1209
3094
1820
783
4149
4395
1413
384
373
216
2156
516
4378
4056
884
2651
3631
1613
1016
3544
4777
2803
3920
2759
4222
3719
4260
4205
122
4093
4733
4789
2402
2372
4163
3107
3832
291
375
301
4578
348
2238
82
467
4632
2863
2358
1166
3111
1331
1997
2939
1731
3806
4159
547
1864
4439
3932
3373
1833
645
808
3480
1600
1573
299
1154
12
3985
3663
387
562
941
2168
4444
204
3977
4548
2821
3168
112
3121
879
2925
4589
2339
3014
926
719
3249
3963
2528
4787
1047
4322
1052
3750
147
2760
1405
4834
1697
1347
358
1523
947
3192
1575
3446
2697
3015
4171
3568
1015
3180
566
2379
3056
4621
3733
1949
2414
2965
2130
4208
3235
4783
1063
1264
4822
2914
1628
3903
2075
1699
2136
1314
3830
1019
1805
1977
3823
3843
2772
3353
1115
3555
48
895
1344
4894
1530
3703
2626
273
3475
4597
1606
4842
2733
1393
293
1400
2079
3967
1824
982
4154
3035
3816
4599
1801
1252
1067
3055
2388
3819
3702
3241
3600
3127
1729
3818
3194
1323
3748
2613
1768
3205
4900
1229
3519
1046
4227
3908
1976
1325
4750
1181
979
3531
3527
920
2756
2734
3879
1242
1249
2827
3956
1113
4432
3915
3486
428
2514
3857
1274
3611
1312
822
3765
917
3651
3783
842
2194
180
2836
817
3090
3673
1725
1867
630
4928
367
3234
1460
1592
2633
1150
1467
4415
1094
4969
714
915
4751
1471
1766
3974
4400
3306
2526
4600
2267
3597
2644
4269
3607
1633
3404
1099
4040
1548
4288
4452
4302
3502
1543
97
2987
4501
3946
4674
643
220
2037
2492
3063
1386
2411
4878
127
3470
2385
4650
4238
710
2739
1054
4143
561
1736
3171
3820
4970
1496
3628
2774
1033
1071
2407
3715
3189
480
778
1693
1749
1452
2029
3074
759
3788
4005
315
707
1489
425
2308
2261
4797
2262
4342
698
3497
2235
1960
1564
3941
2585
2737
4638
4585
311
2113
2260
4148
2173
1673
3744
1881
3173
1501
3695
4064
438
2559
1
3369
1761
795
1637
564
461
2049
4655
1288
3553
3214
4776
2956
921
2337
4462
4138
4359
1583
4831
673
2882
3097
1714
851
3248
4000
2841
1900
2582
2104
809
4074
61
4406
3330
4025
1271
4602
2245
1296
2447
4256
3638
4957
392
3350
4264
3489
3642
3598
238
1939
2781
3123
2044
3190
4491
4385
3953
4832
1085
86
2420
4561
1538
4307
4182
4641
1080
4213
1173
1828
4477
2234
3498
4956
3381
4316
2482
3698
4007
2879
2333
1669
2108
3126
2115
4215
2319
2912
3803
2350
937
2703
4724
4123
2638
1348
2454
3
2304
1492
3730
4058
3333
4357
3383
2177
991
203
1952
2470
4325
4630
1840
1807
2959
3275
3634
1794
2179
2489
3997
4372
336
1417
2511
4219
2180
3976
780
1717
2125
3736
3662
1151
4759
104
4449
9
1081
3911
246
2520
2673
2658
3279
445
2491
3752
4498
3211
2857
3889
2146
2321
4921
732
4408
2024
2496
4758
3918
598
3629
3566
3321
2476
3141
1728
20
470
310
444
2227
3886
4961
3682
1035
1367
4481
1120
4278
2395
1662
3896
2188
3674
810
4387
1309
1076
3365
3869
2158
2738
538
257
201
3243
345
716
3022
4790
1139
4976
2551
2483
4634
4472
171
554
1381
3344
2758
1185
1803
3103
151
2729
4959
1394
2040
2033
952
3882
360
4265
4978
1551
281
2930
3860
4072
1969
1722
4197
3120
3626
2742
4538
3069
1958
3690
3620
2732
687
4305
519
1011
1747
181
1318
441
3390
2161
757
840
4340
1475
4399
3681
4871
2303
4398
3358
2579
3811
2189
221
4327
4049
1371
422
4680
4584
3191
3815
805
3326
4951
949
2012
2515
361
3356
626
721
3092
305
2996
2648
2145
2137
4914
4586
4757
270
4141
854
548
423
3775
3577
4975
3640
2979
1479
652
2672
56
1759
80
2787
1220
2316
2587
1992
4691
4099
2477
1093
4407
4504
1174
3332
2769
3652
1608
2045
4843
1690
1435
1764
2377
3023
4530
2380
3858
1361
2899
205
608
3923
4666
344
4785
1797
4078
294
3419
4458
2988
3891
1574
2631
4090
825
3360
3387
4433
3213
4455
4906
1243
2030
4188
3453
463
2747
1339
2220
1180
3890
6
4438
528
2715
4811
813
1372
1214
4079
1486
4285
4347
4392
188
2878
4883
3664
2678
846
3794
2663
1136
4919
891
29
2006
232
4032
1810
2877
118
4052
511
3166
1927
929
769
2560
1230
2725
3517
2523
1651
623
2655
4203
1537
4875
720
1006
2085
4228
2151
3648
4480
3625
49
4152
1744
31
3199
3545
3264
2409
1842
1989
872
492
717
731
1459
2001
217
223
182
374
4755
3146
1429
3421
2923
4268
618
4162
4230
3709
1514
4499
4169
1179
3722
160
4752
3441
4940
4046
3881
1219
3513
1020
2571
2153
208
3493
3117
2784
1261
981
4663
3041
1397
2165
4558
1723
1278
4157
3025
3316
2111
1821
4437
1029
1316
1212
2013
2679
1112
1111
1095
102
253
3379
2639
3100
1260
176
3008
3222
1619
2773
3512
416
2714
1739
2962
3548
3219
1790
4661
3385
2159
1626
2708
1935
3292
1416
4743
318
1389
782
1907
4968
2903
2406
2015
3371
2023
1069
1079
2952
3408
1172
889
4825
3594
98
3417
2184
4114
940
3363
3500
886
2768
2969
4364
196
192
215
3623
3459
3609
4926
3745
4985
4910
1265
3218
163
165
3716
1767
2367
1349
3138
3382
3969
2792
3552
1049
4629
3929
960
1929
131
4369
3506
1051
1042
3185
2504
2487
4998
1395
3893
4623
3259
2047
1973
190
1031
1915
1493
1566
2978
69
4852
2199
2741
1825
2851
2064
225
4678
1558
3372
3650
1948
3034
1505
3930
3112
725
4667
943
1102
418
4880
4296
4132
4111
3290
2942
256
2323
1829
888
862
316
3755
2436
3389
2035
3573
4988
3683
3898
1398
1802
990
2730
1088
289
3361
4430
2621
4409
552
2359
3884
2597
4241
1934
1198
482
1784
4028
3807
2169
2753
4679
924
506
1585
4428
2155
2166
3242
3524
1002
4184
1576
2455
2790
2050
2020
1279
2221
859
2895
2254
4741
975
4580
1883
545
2026
3781
1319
3178
3749
3861
4837
2574
1630
1581
4698
3987
4551
1634
119
2532
2341
453
3712
153
534
4582
763
3764
115
2027
4421
15
4995
2940
774
589
1782
3790
426
4065
4004
2213
1730
1796
1478
1582
2642
4335
3972
3510
1370
2419
442
4198
2424
1256
3780
1077
4546
1263
4763
4110
4485
64
2953
2138
1776
189
4317
1291
2231
2186
890
380
3096
1886
1940
2103
1074
3067
4043
2744
4062
1681
1437
4963
2844
2229
4840
3758
346
452
1201
394
3894
1646
916
3208
1636
259
1125
3186
1022
1299
1933
2022
2513
2446
3699
1156
323
457
3083
749
4118
2628
1048
2378
4827
2412
4601
21
4176
1037
1817
1769
4290
3543
2440
3281
1950
1304
3540
1918
137
3037
3767
847
3855
1535
3062
1176
1380
893
164
4745
3450
2508
3396
